{
 "cells": [
  {
   "cell_type": "code",
   "execution_count": 1,
   "metadata": {},
   "outputs": [],
   "source": [
    "import scipy"
   ]
  },
  {
   "cell_type": "code",
   "execution_count": 2,
   "metadata": {},
   "outputs": [],
   "source": [
    "from numpy import linalg as LA"
   ]
  },
  {
   "cell_type": "code",
   "execution_count": 11,
   "metadata": {},
   "outputs": [],
   "source": [
    "from scipy.sparse import random\n",
    "from scipy import stats\n",
    "from numpy.random import default_rng\n",
    "rng = default_rng()\n",
    "rvs = stats.poisson(25, loc=0.001).rvs\n",
    "\n",
    "S = random(512, 1, density=0.50, random_state=rng, data_rvs=rvs)"
   ]
  },
  {
   "cell_type": "code",
   "execution_count": 6,
   "metadata": {},
   "outputs": [
    {
     "name": "stdout",
     "output_type": "stream",
     "text": [
      "3274.9645629602865\n",
      "19927.753963557294\n",
      "21991.216819003897\n",
      "19722.939445253305\n",
      "9748.532646536221\n",
      "6316.261907357256\n",
      "3897.416493922224\n",
      "13065.155872242609\n",
      "55966.23588116121\n",
      "4028.407184864211\n",
      "7667.091322834908\n",
      "12800.317982845216\n",
      "19989.697603178305\n",
      "41975.04666154359\n",
      "2944.5880340430513\n",
      "We are good\n"
     ]
    }
   ],
   "source": [
    "while(1):\n",
    "    S = random(512,512, density=0.18, random_state=rng, data_rvs=rvs)\n",
    "    D=S.A\n",
    "    print(LA.cond(D))\n",
    "    if(1000<=LA.cond(D)<=3000):\n",
    "            print(\"We are good\")\n",
    "            break\n",
    "    "
   ]
  },
  {
   "cell_type": "code",
   "execution_count": 12,
   "metadata": {},
   "outputs": [],
   "source": [
    "D=S.A"
   ]
  },
  {
   "cell_type": "code",
   "execution_count": 13,
   "metadata": {},
   "outputs": [
    {
     "data": {
      "text/plain": [
       "1.0"
      ]
     },
     "execution_count": 13,
     "metadata": {},
     "output_type": "execute_result"
    }
   ],
   "source": [
    "LA.cond(D)"
   ]
  },
  {
   "cell_type": "code",
   "execution_count": 14,
   "metadata": {},
   "outputs": [
    {
     "data": {
      "text/plain": [
       "(512, 1)"
      ]
     },
     "execution_count": 14,
     "metadata": {},
     "output_type": "execute_result"
    }
   ],
   "source": [
    "D.shape\n"
   ]
  },
  {
   "cell_type": "code",
   "execution_count": 15,
   "metadata": {},
   "outputs": [],
   "source": [
    "np.savetxt(\"512x1_-18%-2944.csv\", D, delimiter=\",\")"
   ]
  },
  {
   "cell_type": "code",
   "execution_count": 9,
   "metadata": {},
   "outputs": [],
   "source": [
    "import numpy as np\n",
    "import scipy.linalg as la"
   ]
  },
  {
   "cell_type": "markdown",
   "metadata": {},
   "source": [
    "# Redundant below"
   ]
  },
  {
   "cell_type": "code",
   "execution_count": 32,
   "metadata": {},
   "outputs": [],
   "source": [
    "cond_P = 10**2     # Condition number\n",
    "log_cond_P = np.log(cond_P)\n",
    "n=23\n",
    "exp_vec = np.arange(-log_cond_P/4., log_cond_P * (n + 1)/(4 * (n - 1)), log_cond_P/(2.*(n-1)))\n",
    "s = np.exp(exp_vec)\n",
    "S = np.diag(s)\n",
    "\n",
    "U, _ = la.qr((np.random.rand(n, n) - 5.) * 200)\n",
    "V, _ = la.qr((np.random.rand(n, n) - 5.) * 200)\n",
    "P = U.dot(S).dot(V.T)\n",
    "P = P.dot(P.T)"
   ]
  },
  {
   "cell_type": "code",
   "execution_count": 33,
   "metadata": {},
   "outputs": [
    {
     "data": {
      "text/plain": [
       "array([[ 2.73915755e+00, -3.71516222e-01, -9.02319409e-01,\n",
       "        -1.10179927e-01,  5.77532246e-01,  2.32448202e-01,\n",
       "        -5.88313866e-01, -1.17285351e-01,  4.33485192e-01,\n",
       "        -4.89321952e-01, -6.30073299e-01, -5.20522754e-02,\n",
       "         1.03981837e-01, -3.20257880e-02, -2.93806299e-01,\n",
       "        -5.79265880e-01,  2.32320237e-01, -1.17536696e+00,\n",
       "         5.68435572e-01,  1.48681944e-04,  1.92846335e-01,\n",
       "         8.75495540e-01, -4.19213618e-01],\n",
       "       [-3.71516222e-01,  2.49818470e+00, -4.98331748e-01,\n",
       "        -4.65567958e-01, -5.60099878e-01,  1.01586524e+00,\n",
       "         5.23580070e-01,  4.55439993e-01, -2.45980240e-01,\n",
       "        -6.04296566e-01, -1.11963478e-01, -3.40553914e-01,\n",
       "        -2.27279491e-01,  2.29982400e-01, -1.96369590e-02,\n",
       "         7.21710372e-01, -1.20608473e+00,  6.00343405e-02,\n",
       "        -4.94519553e-01, -8.90590077e-01, -3.22917372e-01,\n",
       "         4.88265412e-01,  3.72294590e-01],\n",
       "       [-9.02319409e-01, -4.98331748e-01,  3.01416039e+00,\n",
       "         4.65767028e-01,  3.11968311e-01, -1.18990302e-01,\n",
       "        -3.10120529e-01,  1.36434585e-01, -2.11431043e-01,\n",
       "         8.24429823e-01, -9.76841504e-01, -7.34200995e-02,\n",
       "         2.93747593e-01, -1.78854032e+00,  5.16921302e-01,\n",
       "         5.80635181e-01,  5.02849168e-01, -4.60117869e-01,\n",
       "         4.74752345e-01, -7.78102444e-01,  4.58313694e-01,\n",
       "        -3.18788678e-01, -1.01062496e+00],\n",
       "       [-1.10179927e-01, -4.65567958e-01,  4.65767028e-01,\n",
       "         1.72203932e+00, -3.90564160e-01, -2.08528988e-01,\n",
       "        -3.12951747e-01,  3.23451853e-01, -4.89174999e-01,\n",
       "        -8.14763983e-02,  1.30072099e-01, -1.50817337e-01,\n",
       "         3.55601424e-01, -3.33873060e-01,  3.27446774e-01,\n",
       "        -3.10616737e-01,  3.04884069e-01,  8.87046612e-01,\n",
       "        -3.87066570e-01, -4.55121395e-01, -4.54728529e-03,\n",
       "         1.66801636e-01, -7.95544613e-01],\n",
       "       [ 5.77532246e-01, -5.60099878e-01,  3.11968311e-01,\n",
       "        -3.90564160e-01,  3.00217013e+00, -7.45735902e-02,\n",
       "        -7.42605699e-01, -4.24464612e-02,  4.06667526e-01,\n",
       "         1.38218933e-01, -1.54423648e+00,  2.00503917e-01,\n",
       "        -2.15562769e-01, -6.35654672e-01, -9.71187228e-01,\n",
       "        -6.89992501e-01,  9.92126093e-01, -1.82700796e+00,\n",
       "        -3.17306943e-01,  7.89807831e-01,  8.14573175e-01,\n",
       "         1.01915869e-01,  7.90073481e-01],\n",
       "       [ 2.32448202e-01,  1.01586524e+00, -1.18990302e-01,\n",
       "        -2.08528988e-01, -7.45735902e-02,  1.47642041e+00,\n",
       "        -1.08715299e-01,  4.30143376e-02, -1.12890024e-01,\n",
       "        -2.56517207e-01, -2.26934037e-01, -9.00104201e-02,\n",
       "        -2.59239543e-01, -2.50706509e-02, -9.40119512e-02,\n",
       "        -2.83281688e-01, -3.46223745e-01, -4.21302513e-01,\n",
       "        -5.70853234e-01, -3.74072606e-01,  1.24358775e-02,\n",
       "         4.71947342e-01,  4.13917292e-01],\n",
       "       [-5.88313866e-01,  5.23580070e-01, -3.10120529e-01,\n",
       "        -3.12951747e-01, -7.42605699e-01, -1.08715299e-01,\n",
       "         2.12813959e+00, -2.89279628e-01,  1.85902912e-01,\n",
       "        -2.34725938e-01,  4.59722109e-01, -5.48783577e-03,\n",
       "        -6.63317744e-01, -3.38914584e-01, -4.27297196e-01,\n",
       "         8.81398603e-01, -4.39988786e-01, -5.24687631e-03,\n",
       "         4.12068684e-01,  1.02824738e+00, -6.74681275e-01,\n",
       "        -4.90675196e-01,  3.41170221e-02],\n",
       "       [-1.17285351e-01,  4.55439993e-01,  1.36434585e-01,\n",
       "         3.23451853e-01, -4.24464612e-02,  4.30143376e-02,\n",
       "        -2.89279628e-01,  1.86815025e+00,  1.07764804e-01,\n",
       "        -4.08181934e-01,  4.39739987e-01, -4.79498937e-01,\n",
       "        -1.37473496e-01, -4.88927709e-01, -1.15147293e-01,\n",
       "         5.74588477e-01,  5.53214054e-01, -3.35616123e-01,\n",
       "        -1.81011688e-01, -5.37638649e-01, -6.66641133e-01,\n",
       "        -1.57084626e-01, -4.67922449e-01],\n",
       "       [ 4.33485192e-01, -2.45980240e-01, -2.11431043e-01,\n",
       "        -4.89174999e-01,  4.06667526e-01, -1.12890024e-01,\n",
       "         1.85902912e-01,  1.07764804e-01,  1.54127262e+00,\n",
       "         2.99914229e-01, -1.93845495e-01,  1.18511672e-02,\n",
       "        -3.30987230e-01, -3.73404622e-01, -6.03941883e-01,\n",
       "        -1.75445227e-01,  2.26643656e-01, -8.68429654e-01,\n",
       "         5.58541733e-01,  5.91230716e-01, -3.37939835e-01,\n",
       "         2.33900274e-02, -3.95910551e-01],\n",
       "       [-4.89321952e-01, -6.04296566e-01,  8.24429823e-01,\n",
       "        -8.14763983e-02,  1.38218933e-01, -2.56517207e-01,\n",
       "        -2.34725938e-01, -4.08181934e-01,  2.99914229e-01,\n",
       "         1.19222921e+00, -5.12222353e-01,  2.17613596e-01,\n",
       "        -8.94065137e-02, -5.55857975e-01,  3.11889703e-01,\n",
       "        -5.54522157e-01,  3.53772303e-01,  8.40527091e-02,\n",
       "         1.02298423e-01,  2.52493494e-01,  5.76360308e-01,\n",
       "        -1.95057187e-01, -2.74706213e-01],\n",
       "       [-6.30073299e-01, -1.11963478e-01, -9.76841504e-01,\n",
       "         1.30072099e-01, -1.54423648e+00, -2.26934037e-01,\n",
       "         4.59722109e-01,  4.39739987e-01, -1.93845495e-01,\n",
       "        -5.12222353e-01,  2.61751000e+00, -1.80757809e-01,\n",
       "        -1.18096808e-02,  1.15738799e+00,  3.46503950e-01,\n",
       "         6.54132445e-01, -2.76533414e-01,  1.25795632e+00,\n",
       "         3.62059621e-02, -3.73113298e-01, -1.27341439e+00,\n",
       "        -5.68745312e-01, -1.20741929e-01],\n",
       "       [-5.20522754e-02, -3.40553914e-01, -7.34200995e-02,\n",
       "        -1.50817337e-01,  2.00503917e-01, -9.00104201e-02,\n",
       "        -5.48783577e-03, -4.79498937e-01,  1.18511672e-02,\n",
       "         2.17613596e-01, -1.80757809e-01,  1.09091393e+00,\n",
       "        -2.04791096e-01,  8.00910360e-02, -1.51364030e-01,\n",
       "        -7.15294980e-01, -2.06215994e-01, -1.93465175e-02,\n",
       "         4.63743271e-02,  7.70322172e-01,  1.29315756e-02,\n",
       "        -1.36833885e-01,  4.75798454e-01],\n",
       "       [ 1.03981837e-01, -2.27279491e-01,  2.93747593e-01,\n",
       "         3.55601424e-01, -2.15562769e-01, -2.59239543e-01,\n",
       "        -6.63317744e-01, -1.37473496e-01, -3.30987230e-01,\n",
       "        -8.94065137e-02, -1.18096808e-02, -2.04791096e-01,\n",
       "         1.68521412e+00,  8.13891502e-01,  2.68183488e-01,\n",
       "         5.65874260e-02, -8.39811345e-01,  7.55421277e-01,\n",
       "         4.67793389e-02, -1.35171246e+00,  1.55104149e-01,\n",
       "         4.25522349e-01, -4.51597260e-01],\n",
       "       [-3.20257880e-02,  2.29982400e-01, -1.78854032e+00,\n",
       "        -3.33873060e-01, -6.35654672e-01, -2.50706509e-02,\n",
       "        -3.38914584e-01, -4.88927709e-01, -3.73404622e-01,\n",
       "        -5.55857975e-01,  1.15738799e+00,  8.00910360e-02,\n",
       "         8.13891502e-01,  3.03280895e+00, -5.05114616e-02,\n",
       "        -3.08729148e-01, -1.17764337e+00,  1.33817971e+00,\n",
       "        -9.84575464e-01, -4.19861286e-01, -3.11804937e-01,\n",
       "         2.54341027e-01,  9.97537777e-01],\n",
       "       [-2.93806299e-01, -1.96369590e-02,  5.16921302e-01,\n",
       "         3.27446774e-01, -9.71187228e-01, -9.40119512e-02,\n",
       "        -4.27297196e-01, -1.15147293e-01, -6.03941883e-01,\n",
       "         3.11889703e-01,  3.46503950e-01, -1.51364030e-01,\n",
       "         2.68183488e-01, -5.05114616e-02,  1.55935843e+00,\n",
       "         1.84112732e-01,  6.88458515e-02,  8.69542989e-01,\n",
       "         3.92140077e-01, -1.13755389e+00, -1.77844597e-02,\n",
       "        -3.30673551e-01, -4.78463794e-01],\n",
       "       [-5.79265880e-01,  7.21710372e-01,  5.80635181e-01,\n",
       "        -3.10616737e-01, -6.89992501e-01, -2.83281688e-01,\n",
       "         8.81398603e-01,  5.74588477e-01, -1.75445227e-01,\n",
       "        -5.54522157e-01,  6.54132445e-01, -7.15294980e-01,\n",
       "         5.65874260e-02, -3.08729148e-01,  1.84112732e-01,\n",
       "         3.38572855e+00, -2.21491401e-01, -5.95692269e-01,\n",
       "         9.97258986e-01, -4.79675708e-01, -9.00667271e-01,\n",
       "        -8.16521933e-01, -1.40340005e+00],\n",
       "       [ 2.32320237e-01, -1.20608473e+00,  5.02849168e-01,\n",
       "         3.04884069e-01,  9.92126093e-01, -3.46223745e-01,\n",
       "        -4.39988786e-01,  5.53214054e-01,  2.26643656e-01,\n",
       "         3.53772303e-01, -2.76533414e-01, -2.06215994e-01,\n",
       "        -8.39811345e-01, -1.17764337e+00,  6.88458515e-02,\n",
       "        -2.21491401e-01,  2.60386178e+00, -1.19580874e+00,\n",
       "         1.21646443e-01,  1.11486876e+00,  1.92025189e-01,\n",
       "        -8.94161459e-01, -3.54733862e-01],\n",
       "       [-1.17536696e+00,  6.00343405e-02, -4.60117869e-01,\n",
       "         8.87046612e-01, -1.82700796e+00, -4.21302513e-01,\n",
       "        -5.24687631e-03, -3.35616123e-01, -8.68429654e-01,\n",
       "         8.40527091e-02,  1.25795632e+00, -1.93465175e-02,\n",
       "         7.55421277e-01,  1.33817971e+00,  8.69542989e-01,\n",
       "        -5.95692269e-01, -1.19580874e+00,  3.07690613e+00,\n",
       "        -6.11812864e-01, -1.04470257e+00, -7.70233153e-02,\n",
       "         1.84323340e-01,  2.74171118e-01],\n",
       "       [ 5.68435572e-01, -4.94519553e-01,  4.74752345e-01,\n",
       "        -3.87066570e-01, -3.17306943e-01, -5.70853234e-01,\n",
       "         4.12068684e-01, -1.81011688e-01,  5.58541733e-01,\n",
       "         1.02298423e-01,  3.62059621e-02,  4.63743271e-02,\n",
       "         4.67793389e-02, -9.84575464e-01,  3.92140077e-01,\n",
       "         9.97258986e-01,  1.21646443e-01, -6.11812864e-01,\n",
       "         2.35064892e+00, -2.34350113e-01, -4.62841795e-01,\n",
       "        -8.06226431e-01, -9.63148185e-01],\n",
       "       [ 1.48681944e-04, -8.90590077e-01, -7.78102444e-01,\n",
       "        -4.55121395e-01,  7.89807831e-01, -3.74072606e-01,\n",
       "         1.02824738e+00, -5.37638649e-01,  5.91230716e-01,\n",
       "         2.52493494e-01, -3.73113298e-01,  7.70322172e-01,\n",
       "        -1.35171246e+00, -4.19861286e-01, -1.13755389e+00,\n",
       "        -4.79675708e-01,  1.11486876e+00, -1.04470257e+00,\n",
       "        -2.34350113e-01,  3.54591444e+00,  9.97658718e-02,\n",
       "        -6.36570530e-01,  5.40782645e-01],\n",
       "       [ 1.92846335e-01, -3.22917372e-01,  4.58313694e-01,\n",
       "        -4.54728529e-03,  8.14573175e-01,  1.24358775e-02,\n",
       "        -6.74681275e-01, -6.66641133e-01, -3.37939835e-01,\n",
       "         5.76360308e-01, -1.27341439e+00,  1.29315756e-02,\n",
       "         1.55104149e-01, -3.11804937e-01, -1.77844597e-02,\n",
       "        -9.00667271e-01,  1.92025189e-01, -7.70233153e-02,\n",
       "        -4.62841795e-01,  9.97658718e-02,  1.74561489e+00,\n",
       "         5.96348352e-01,  3.39187404e-01],\n",
       "       [ 8.75495540e-01,  4.88265412e-01, -3.18788678e-01,\n",
       "         1.66801636e-01,  1.01915869e-01,  4.71947342e-01,\n",
       "        -4.90675196e-01, -1.57084626e-01,  2.33900274e-02,\n",
       "        -1.95057187e-01, -5.68745312e-01, -1.36833885e-01,\n",
       "         4.25522349e-01,  2.54341027e-01, -3.30673551e-01,\n",
       "        -8.16521933e-01, -8.94161459e-01,  1.84323340e-01,\n",
       "        -8.06226431e-01, -6.36570530e-01,  5.96348352e-01,\n",
       "         1.80360053e+00,  1.21053408e-01],\n",
       "       [-4.19213618e-01,  3.72294590e-01, -1.01062496e+00,\n",
       "        -7.95544613e-01,  7.90073481e-01,  4.13917292e-01,\n",
       "         3.41170221e-02, -4.67922449e-01, -3.95910551e-01,\n",
       "        -2.74706213e-01, -1.20741929e-01,  4.75798454e-01,\n",
       "        -4.51597260e-01,  9.97537777e-01, -4.78463794e-01,\n",
       "        -1.40340005e+00, -3.54733862e-01,  2.74171118e-01,\n",
       "        -9.63148185e-01,  5.40782645e-01,  3.39187404e-01,\n",
       "         1.21053408e-01,  2.83723212e+00]])"
      ]
     },
     "execution_count": 33,
     "metadata": {},
     "output_type": "execute_result"
    }
   ],
   "source": [
    "P"
   ]
  },
  {
   "cell_type": "code",
   "execution_count": null,
   "metadata": {},
   "outputs": [],
   "source": []
  }
 ],
 "metadata": {
  "kernelspec": {
   "display_name": "Python 3",
   "language": "python",
   "name": "python3"
  },
  "language_info": {
   "codemirror_mode": {
    "name": "ipython",
    "version": 3
   },
   "file_extension": ".py",
   "mimetype": "text/x-python",
   "name": "python",
   "nbconvert_exporter": "python",
   "pygments_lexer": "ipython3",
   "version": "3.8.5"
  }
 },
 "nbformat": 4,
 "nbformat_minor": 4
}
